   	suit number  is_orange attribute kind
 0   1     1        1        1        0
 1   2    12        1        1        0
 2   2    13        1        1        0
 3   2     1        1        1        0
 4   3     1        1        1        0
 5   3     2        1        1        0
 6   3     3        1        1        0
 7   3     4        1        1        0
 8   3     5        1        1        0
 9   3     6        1        1        0
10   3     7        1        1        0
11   3     8        1        1        0
12   3     9        1        1        0
13   3    10        1        1        0
14   3    11        1        1        0
15   3    12        1        1        0
16   3    13        1        1        0
17   4     2        1        1        0
18   4     3        1        1        0
19   4     4        1        1        0
20   4     5        1        1        0
21   4     6        1        1        0
22   4     7        1        1        0
23   4     8        1        1        0
24   4     9        1        1        0
25   1     2        1        2        1
26   1     3        1        2        1
27   1     4        1        2        1
28   1     5        1        2        1
29   1     6        1        2        1
30   1     7        1        2        1
31   1     8        1        2        1
32   4    10        1        2        1
33   4    11        1        2        1
34   4    12        1        2        1
35   4    13        1        2        1
36   4     1        1        2        1
37   2    10        1        1        2
38   3    13        1        1        3
39   3     1        1        1        3
40   2    11        1        1        4
41   2    12        1        1        4
42   2     1        1        1        4
43   3     8        1        1        4
44   2    13        1        1        5
45   3     9        1        1        5
46   3    10        1        1        5
47   3    11        1        1        5
48   1     9        1        1        6
49   1     9        1        1        6
50   2     3        1        1        7
51   1    12        1        1        8
52   4     9        1        1        8
53   2     6        1        2        9
54   2     7        1        2        9
55   2     8        1        2        9
56   2     9        1        2        9
57   2    10        1        2        9
58   2    11        1        2        9
59   2     5        1        1       10
60   1    11        1        1       11
61   3    12        1        1       11
62   4     8        1        1       11
63   1    12        0        1       12
64   1    13        0        1       12
65   1     1        0        1       13
66   2     8        0        1       14
67   2     9        0        1       14
68   1    10        0        1       15
69   1    11        0        1       15
70   2     4        0        1       15
71   2     2        0        1       16
72   1    10        0        1       17
73   4    10        0        1       17
74   1    13        0        1       18
75   4    11        0        1       18
76   4    12        0        1       18
77   4    13        0        1       19
78   4     1        0        1       20
79   1     8        0        1       21
